00000_00000.ppm 1 6 5 43 40
00000_00001.ppm 1 6 6 43 41
00000_00002.ppm 1 5 6 44 41
00000_00003.ppm 1 5 6 46 44
00000_00004.ppm 1 5 5 45 43
00000_00005.ppm 1 6 6 47 46
00000_00006.ppm 1 6 5 49 47
00000_00007.ppm 1 5 5 49 49
00000_00008.ppm 1 6 6 51 51
00000_00009.ppm 1 6 5 52 51
00000_00010.ppm 1 6 5 54 53
00000_00011.ppm 1 6 6 55 55
00000_00012.ppm 1 6 6 58 58
00000_00013.ppm 1 5 6 59 60
00000_00014.ppm 1 7 6 63 62
00000_00015.ppm 1 7 6 66 65
00000_00016.ppm 1 7 7 67 67
00000_00017.ppm 1 6 7 68 70
00000_00018.ppm 1 7 8 74 75
00000_00019.ppm 1 8 7 78 77
00000_00020.ppm 1 7 8 81 82
00000_00021.ppm 1 8 8 88 88
00000_00022.ppm 1 8 8 92 91
00000_00023.ppm 1 10 10 100 99
00000_00024.ppm 1 10 10 107 107
00000_00025.ppm 1 11 11 114 113
00000_00026.ppm 1 11 12 120 120
00000_00027.ppm 1 12 13 132 131
00000_00028.ppm 1 15 14 150 146
00000_00029.ppm 1 14 15 158 157
00001_00000.ppm 1 5 5 25 25
00001_00001.ppm 1 6 5 27 26
00001_00002.ppm 1 5 6 28 29
00001_00003.ppm 1 5 5 28 29
00001_00004.ppm 1 6 6 30 30
00001_00005.ppm 1 6 6 32 32
00001_00006.ppm 1 6 6 32 32
00001_00007.ppm 1 6 5 33 32
00001_00008.ppm 1 5 5 34 34
00001_00009.ppm 1 6 6 36 37
00001_00010.ppm 1 6 6 38 38
00001_00011.ppm 1 6 5 40 39
00001_00012.ppm 1 5 6 42 43
00001_00013.ppm 1 6 6 46 46
00001_00014.ppm 1 5 5 46 46
00001_00015.ppm 1 5 5 50 50
00001_00016.ppm 1 6 6 54 54
00001_00017.ppm 1 5 5 57 58
00001_00018.ppm 1 6 6 62 63
00001_00019.ppm 1 7 6 67 67
00001_00020.ppm 1 7 7 72 73
00001_00021.ppm 1 8 7 80 80
00001_00022.ppm 1 9 9 88 91
00001_00023.ppm 1 9 10 98 101
00001_00024.ppm 1 10 10 110 109
00001_00025.ppm 1 12 11 121 119
00001_00026.ppm 1 12 13 132 132
00001_00027.ppm 1 14 14 146 144
00001_00028.ppm 1 16 14 163 157
00001_00029.ppm 1 16 17 177 174
00002_00000.ppm 1 5 6 26 27
00002_00001.ppm 1 5 5 26 27
00002_00002.ppm 1 6 5 27 27
00002_00003.ppm 1 6 5 29 29
00002_00004.ppm 1 5 5 29 29
00002_00005.ppm 1 6 6 31 31
00002_00006.ppm 1 5 5 31 31
00002_00007.ppm 1 6 5 32 31
00002_00008.ppm 1 5 6 32 33
00002_00009.ppm 1 6 5 35 34
00002_00010.ppm 1 5 6 35 36
00002_00011.ppm 1 5 5 36 36
00002_00012.ppm 1 5 5 36 36
00002_00013.ppm 1 5 6 37 38
00002_00014.ppm 1 6 6 39 39
00002_00015.ppm 1 6 6 40 41
00002_00016.ppm 1 5 5 41 41
00002_00017.ppm 1 6 6 43 43
00002_00018.ppm 1 6 6 43 43
00002_00019.ppm 1 6 6 46 45
00002_00020.ppm 1 6 6 48 48
00002_00021.ppm 1 6 5 49 48
00002_00022.ppm 1 6 6 51 51
00002_00023.ppm 1 5 6 51 52
00002_00024.ppm 1 5 5 54 54
00002_00025.ppm 1 6 5 57 55
00002_00026.ppm 1 5 5 59 59
00002_00027.ppm 1 7 7 64 63
00002_00028.ppm 1 6 7 65 66
00002_00029.ppm 1 7 6 71 70
00003_00000.ppm 1 5 6 36 38
00003_00001.ppm 1 6 6 38 39
00003_00002.ppm 1 5 5 38 38
00003_00003.ppm 1 6 5 40 39
00003_00004.ppm 1 6 5 41 40
00003_00005.ppm 1 6 5 42 41
00003_00006.ppm 1 5 5 42 42
00003_00007.ppm 1 5 5 43 44
00003_00008.ppm 1 5 6 44 46
00003_00009.ppm 1 6 5 47 46
00003_00010.ppm 1 6 6 48 48
00003_00011.ppm 1 6 6 50 50
00003_00012.ppm 1 5 5 51 52
00003_00013.ppm 1 5 5 52 54
00003_00014.ppm 1 6 6 56 58
00003_00015.ppm 1 6 5 58 59
00003_00016.ppm 1 5 6 58 61
00003_00017.ppm 1 7 7 64 66
00003_00018.ppm 1 7 6 66 67
00003_00019.ppm 1 6 8 69 73
00003_00020.ppm 1 8 7 75 75
00003_00021.ppm 1 8 7 80 80
00003_00022.ppm 1 8 8 85 85
00003_00023.ppm 1 9 8 91 90
00003_00024.ppm 1 9 9 100 99
00003_00025.ppm 1 11 11 110 107
00003_00026.ppm 1 11 11 118 114
00003_00027.ppm 1 12 12 132 127
00003_00028.ppm 1 14 14 145 140
00003_00029.ppm 1 15 14 161 155
00004_00000.ppm 1 6 6 32 33
00004_00001.ppm 1 5 6 32 34
00004_00002.ppm 1 5 6 32 35
00004_00003.ppm 1 6 6 35 36
00004_00004.ppm 1 6 6 34 36
00004_00005.ppm 1 5 5 34 34
00004_00006.ppm 1 6 5 36 37
00004_00007.ppm 1 5 6 36 37
00004_00008.ppm 1 6 5 39 38
00004_00009.ppm 1 5 6 39 40
00004_00010.ppm 1 5 6 41 41
00004_00011.ppm 1 6 5 43 43
00004_00012.ppm 1 6 5 44 44
00004_00013.ppm 1 6 6 46 47
00004_00014.ppm 1 5 6 47 48
00004_00015.ppm 1 6 6 51 51
00004_00016.ppm 1 5 6 52 53
00004_00017.ppm 1 5 6 56 56
00004_00018.ppm 1 6 5 58 58
00004_00019.ppm 1 6 6 63 64
00004_00020.ppm 1 7 7 69 70
00004_00021.ppm 1 7 8 73 76
00004_00022.ppm 1 7 7 80 81
00004_00023.ppm 1 8 9 86 89
00004_00024.ppm 1 10 10 96 97
00004_00025.ppm 1 11 11 107 107
00004_00026.ppm 1 11 12 118 119
00004_00027.ppm 1 13 13 135 135
00004_00028.ppm 1 15 14 154 153
00004_00029.ppm 1 16 17 178 177
00005_00000.ppm 1 5 6 47 48
00005_00001.ppm 1 5 6 47 48
00005_00002.ppm 1 5 6 47 48
00005_00003.ppm 1 6 6 48 48
00005_00004.ppm 1 6 6 48 48
00005_00005.ppm 1 6 6 49 49
00005_00006.ppm 1 5 6 48 49
00005_00007.ppm 1 5 5 48 48
00005_00008.ppm 1 6 6 49 49
00005_00009.ppm 1 6 6 50 50
00005_00010.ppm 1 5 6 49 50
00005_00011.ppm 1 5 6 50 51
00005_00012.ppm 1 5 6 50 52
00005_00013.ppm 1 5 6 51 52
00005_00014.ppm 1 6 5 52 51
00005_00015.ppm 1 5 6 52 53
00005_00016.ppm 1 5 6 52 53
00005_00017.ppm 1 6 6 54 54
00005_00018.ppm 1 6 5 55 54
00005_00019.ppm 1 6 5 57 56
00005_00020.ppm 1 6 5 58 57
00005_00021.ppm 1 6 6 59 59
00005_00022.ppm 1 7 7 62 62
00005_00023.ppm 1 6 6 62 62
00005_00024.ppm 1 6 7 65 66
00005_00025.ppm 1 7 7 67 67
00005_00026.ppm 1 6 6 68 68
00005_00027.ppm 1 7 7 71 71
00005_00028.ppm 1 8 8 75 75
00005_00029.ppm 1 7 8 78 79
00006_00000.ppm 1 6 6 26 28
00006_00001.ppm 1 6 5 26 27
00006_00002.ppm 1 6 5 27 28
00006_00003.ppm 1 5 5 27 28
00006_00004.ppm 1 5 5 28 29
00006_00005.ppm 1 6 5 29 29
00006_00006.ppm 1 5 6 29 31
00006_00007.ppm 1 5 6 29 30
00006_00008.ppm 1 5 5 32 31
00006_00009.ppm 1 5 5 33 32
00006_00010.ppm 1 6 6 35 34
00006_00011.ppm 1 5 5 34 35
00006_00012.ppm 1 6 6 37 37
00006_00013.ppm 1 5 5 35 37
00006_00014.ppm 1 6 6 40 40
00006_00015.ppm 1 6 5 41 41
00006_00016.ppm 1 5 5 41 43
00006_00017.ppm 1 5 6 43 46
00006_00018.ppm 1 6 5 46 47
00006_00019.ppm 1 5 6 49 52
00006_00020.ppm 1 6 5 54 54
00006_00021.ppm 1 5 5 56 57
00006_00022.ppm 1 7 6 62 61
00006_00023.ppm 1 7 6 66 67
00006_00024.ppm 1 6 7 69 73
00006_00025.ppm 1 8 7 77 79
00006_00026.ppm 1 8 9 83 87
00006_00027.ppm 1 9 9 88 92
00006_00028.ppm 1 9 11 97 107
00006_00029.ppm 1 10 12 109 122
00007_00000.ppm 1 6 6 27 27
00007_00001.ppm 1 6 5 29 28
00007_00002.ppm 1 5 5 30 30
00007_00003.ppm 1 6 5 31 30
00007_00004.ppm 1 6 6 32 32
00007_00005.ppm 1 5 6 32 33
00007_00006.ppm 1 6 5 34 33
00007_00007.ppm 1 5 6 33 35
00007_00008.ppm 1 6 6 37 36
00007_00009.ppm 1 6 6 39 37
00007_00010.ppm 1 6 6 41 39
00007_00011.ppm 1 6 5 42 40
00007_00012.ppm 1 5 6 43 43
00007_00013.ppm 1 6 6 46 45
00007_00014.ppm 1 5 5 47 47
00007_00015.ppm 1 5 5 51 50
00007_00016.ppm 1 5 6 53 53
00007_00017.ppm 1 6 5 59 57
00007_00018.ppm 1 7 7 64 63
00007_00019.ppm 1 7 6 68 66
00007_00020.ppm 1 7 8 75 73
00007_00021.ppm 1 8 8 81 78
00007_00022.ppm 1 8 9 88 85
00007_00023.ppm 1 9 9 96 92
00007_00024.ppm 1 9 9 102 100
00007_00025.ppm 1 10 11 111 108
00007_00026.ppm 1 11 11 117 113
00007_00027.ppm 1 11 11 123 119
00007_00028.ppm 1 13 12 129 123
00007_00029.ppm 1 12 13 131 128
00008_00000.ppm 1 5 5 24 28
00008_00001.ppm 1 5 6 25 30
00008_00002.ppm 1 6 5 26 29
00008_00003.ppm 1 6 5 28 31
00008_00004.ppm 1 6 6 29 33
00008_00005.ppm 1 6 6 30 33
00008_00006.ppm 1 5 5 30 35
00008_00007.ppm 1 5 6 31 36
00008_00008.ppm 1 6 5 33 37
00008_00009.ppm 1 6 5 34 37
00008_00010.ppm 1 5 5 33 39
00008_00011.ppm 1 5 6 33 40
00008_00012.ppm 1 5 5 35 42
00008_00013.ppm 1 6 6 38 44
00008_00014.ppm 1 5 5 38 44
00008_00015.ppm 1 6 6 42 50
00008_00016.ppm 1 6 6 42 50
00008_00017.ppm 1 5 6 42 50
00008_00018.ppm 1 6 5 45 51
00008_00019.ppm 1 5 5 45 55
00008_00020.ppm 1 5 6 47 58
00008_00021.ppm 1 5 6 50 59
00008_00022.ppm 1 5 6 51 62
00008_00023.ppm 1 6 7 55 66
00008_00024.ppm 1 6 7 59 71
00008_00025.ppm 1 7 7 63 75
00008_00026.ppm 1 6 8 65 84
00008_00027.ppm 1 7 9 73 95
00008_00028.ppm 1 7 10 79 108
00008_00029.ppm 1 9 12 87 120
00009_00000.ppm 1 5 5 20 22
00009_00001.ppm 1 5 5 23 25
00009_00002.ppm 1 5 5 23 25
00009_00003.ppm 1 5 5 23 26
00009_00004.ppm 1 5 6 23 27
00009_00005.ppm 1 5 5 25 27
00009_00006.ppm 1 5 6 24 26
00009_00007.ppm 1 6 6 28 29
00009_00008.ppm 1 6 5 29 30
00009_00009.ppm 1 5 5 30 32
00009_00010.ppm 1 6 6 33 34
00009_00011.ppm 1 6 6 34 35
00009_00012.ppm 1 6 6 34 35
00009_00013.ppm 1 5 6 33 35
00009_00014.ppm 1 5 5 34 36
00009_00015.ppm 1 5 5 37 41
00009_00016.ppm 1 5 5 39 42
00009_00017.ppm 1 6 5 41 43
00009_00018.ppm 1 5 5 43 46
00009_00019.ppm 1 6 6 47 50
00009_00020.ppm 1 6 6 51 53
00009_00021.ppm 1 5 6 55 57
00009_00022.ppm 1 5 5 58 59
00009_00023.ppm 1 6 7 63 65
00009_00024.ppm 1 7 7 70 70
00009_00025.ppm 1 8 7 77 76
00009_00026.ppm 1 8 9 86 87
00009_00027.ppm 1 9 10 95 96
00009_00028.ppm 1 11 11 110 108
00009_00029.ppm 1 13 11 128 123
00010_00000.ppm 1 5 5 51 59
00010_00001.ppm 1 6 6 52 60
00010_00002.ppm 1 5 6 52 61
00010_00003.ppm 1 6 7 55 63
00010_00004.ppm 1 6 6 56 63
00010_00005.ppm 1 6 7 57 66
00010_00006.ppm 1 5 6 57 65
00010_00007.ppm 1 6 7 58 68
00010_00008.ppm 1 6 6 59 68
00010_00009.ppm 1 5 6 59 70
00010_00010.ppm 1 6 7 62 72
00010_00011.ppm 1 7 8 65 74
00010_00012.ppm 1 6 7 64 73
00010_00013.ppm 1 6 8 65 75
00010_00014.ppm 1 7 8 67 77
00010_00015.ppm 1 7 7 70 78
00010_00016.ppm 1 7 8 72 81
00010_00017.ppm 1 8 9 75 84
00010_00018.ppm 1 8 8 77 85
00010_00019.ppm 1 8 8 79 88
00010_00020.ppm 1 9 9 84 93
00010_00021.ppm 1 8 10 87 98
00010_00022.ppm 1 9 10 92 102
00010_00023.ppm 1 9 11 96 108
00010_00024.ppm 1 9 11 103 115
00010_00025.ppm 1 11 12 112 122
00010_00026.ppm 1 11 12 120 130
00010_00027.ppm 1 12 14 132 143
00010_00028.ppm 1 14 15 147 157
00010_00029.ppm 1 16 16 162 169
00011_00000.ppm 1 6 6 38 38
00011_00001.ppm 1 6 5 38 37
00011_00002.ppm 1 6 5 38 37
00011_00003.ppm 1 5 5 37 37
00011_00004.ppm 1 6 5 38 37
00011_00005.ppm 1 5 6 37 39
00011_00006.ppm 1 6 5 38 39
00011_00007.ppm 1 5 6 39 41
00011_00008.ppm 1 5 5 39 39
00011_00009.ppm 1 6 6 41 41
00011_00010.ppm 1 6 5 42 41
00011_00011.ppm 1 5 5 41 41
00011_00012.ppm 1 6 5 43 42
00011_00013.ppm 1 5 5 44 44
00011_00014.ppm 1 5 6 44 45
00011_00015.ppm 1 5 5 46 46
00011_00016.ppm 1 5 5 47 47
00011_00017.ppm 1 5 6 49 50
00011_00018.ppm 1 6 5 52 51
00011_00019.ppm 1 5 5 53 53
00011_00020.ppm 1 5 5 57 57
00011_00021.ppm 1 6 6 60 60
00011_00022.ppm 1 6 6 64 64
00011_00023.ppm 1 7 7 69 69
00011_00024.ppm 1 7 8 74 74
00011_00025.ppm 1 7 7 80 79
00011_00026.ppm 1 8 9 90 89
00011_00027.ppm 1 9 9 99 94
00011_00028.ppm 1 11 11 110 106
00011_00029.ppm 1 12 12 129 123
00012_00000.ppm 1 5 5 38 38
00012_00001.ppm 1 5 6 38 39
00012_00002.ppm 1 5 6 38 39
00012_00003.ppm 1 5 5 38 38
00012_00004.ppm 1 6 6 39 39
00012_00005.ppm 1 5 5 38 38
00012_00006.ppm 1 6 5 40 39
00012_00007.ppm 1 5 6 39 40
00012_00008.ppm 1 5 6 39 40
00012_00009.ppm 1 5 5 40 40
00012_00010.ppm 1 5 5 40 40
00012_00011.ppm 1 5 5 40 40
00012_00012.ppm 1 6 5 41 40
00012_00013.ppm 1 5 5 41 41
00012_00014.ppm 1 5 5 42 42
00012_00015.ppm 1 5 6 42 43
00012_00016.ppm 1 6 6 44 44
00012_00017.ppm 1 6 6 44 44
00012_00018.ppm 1 6 5 45 44
00012_00019.ppm 1 6 6 47 47
00012_00020.ppm 1 5 6 46 47
00012_00021.ppm 1 6 6 48 48
00012_00022.ppm 1 6 5 49 48
00012_00023.ppm 1 5 6 49 50
00012_00024.ppm 1 6 5 51 50
00012_00025.ppm 1 5 6 51 52
00012_00026.ppm 1 5 5 52 52
00012_00027.ppm 1 5 6 54 55
00012_00028.ppm 1 6 6 58 57
00012_00029.ppm 1 6 5 60 58
00013_00000.ppm 1 6 6 34 35
00013_00001.ppm 1 6 6 33 33
00013_00002.ppm 1 5 5 31 34
00013_00003.ppm 1 6 5 34 34
00013_00004.ppm 1 6 5 36 36
00013_00005.ppm 1 6 5 38 38
00013_00006.ppm 1 6 6 40 41
00013_00007.ppm 1 5 6 43 45
00013_00008.ppm 1 6 6 46 47
00013_00009.ppm 1 6 5 48 48
00013_00010.ppm 1 6 5 52 52
00013_00011.ppm 1 6 5 58 58
00013_00012.ppm 1 6 7 62 62
00013_00013.ppm 1 6 7 64 66
00013_00014.ppm 1 6 6 68 69
00013_00015.ppm 1 7 8 73 73
00013_00016.ppm 1 7 7 79 80
00013_00017.ppm 1 7 7 81 80
00013_00018.ppm 1 9 8 85 83
00013_00019.ppm 1 8 8 86 87
00013_00020.ppm 1 8 9 86 86
00013_00021.ppm 1 9 9 89 88
00013_00022.ppm 1 9 8 91 91
00013_00023.ppm 1 10 10 98 95
00013_00024.ppm 1 9 9 103 102
00013_00025.ppm 1 11 11 111 112
00013_00026.ppm 1 11 13 125 128
00013_00027.ppm 1 14 13 144 144
00013_00028.ppm 1 16 15 162 162
00013_00029.ppm 1 18 18 198 193
00014_00000.ppm 1 5 5 33 41
00014_00001.ppm 1 6 5 34 42
00014_00002.ppm 1 5 5 34 43
00014_00003.ppm 1 6 6 36 46
00014_00004.ppm 1 6 6 36 47
00014_00005.ppm 1 5 6 37 49
00014_00006.ppm 1 5 6 38 50
00014_00007.ppm 1 6 5 42 52
00014_00008.ppm 1 6 6 44 54
00014_00009.ppm 1 6 6 47 55
00014_00010.ppm 1 6 5 49 57
00014_00011.ppm 1 6 6 51 60
00014_00012.ppm 1 6 7 54 64
00014_00013.ppm 1 6 6 57 66
00014_00014.ppm 1 6 6 60 69
00014_00015.ppm 1 6 8 63 74
00014_00016.ppm 1 6 8 64 77
00014_00017.ppm 1 7 7 67 79
00014_00018.ppm 1 8 8 73 83
00014_00019.ppm 1 7 8 77 87
00014_00020.ppm 1 9 9 84 91
00014_00021.ppm 1 8 9 89 98
00014_00022.ppm 1 9 9 93 100
00014_00023.ppm 1 10 11 100 109
00014_00024.ppm 1 10 11 106 116
00014_00025.ppm 1 11 12 112 122
00014_00026.ppm 1 11 13 118 130
00014_00027.ppm 1 12 12 126 136
00014_00028.ppm 1 13 14 135 146
00014_00029.ppm 1 14 15 152 165
00015_00000.ppm 1 5 5 26 26
00015_00001.ppm 1 6 5 28 27
00015_00002.ppm 1 6 5 29 28
00015_00003.ppm 1 6 5 30 29
00015_00004.ppm 1 5 5 30 30
00015_00005.ppm 1 6 6 32 32
00015_00006.ppm 1 6 5 32 31
00015_00007.ppm 1 6 6 33 33
00015_00008.ppm 1 6 6 35 35
00015_00009.ppm 1 6 6 35 35
00015_00010.ppm 1 6 5 37 36
00015_00011.ppm 1 5 6 38 39
00015_00012.ppm 1 6 6 41 41
00015_00013.ppm 1 6 5 41 40
00015_00014.ppm 1 6 5 43 42
00015_00015.ppm 1 6 6 46 46
00015_00016.ppm 1 6 6 48 48
00015_00017.ppm 1 6 5 51 50
00015_00018.ppm 1 5 5 53 53
00015_00019.ppm 1 5 5 56 56
00015_00020.ppm 1 6 6 61 61
00015_00021.ppm 1 6 6 66 66
00015_00022.ppm 1 8 8 73 73
00015_00023.ppm 1 7 7 77 77
00015_00024.ppm 1 9 8 85 84
00015_00025.ppm 1 8 9 92 93
00015_00026.ppm 1 9 9 102 101
00015_00027.ppm 1 11 10 115 112
00015_00028.ppm 1 12 12 128 128
00015_00029.ppm 1 14 14 148 146
00016_00000.ppm 1 6 6 53 53
00016_00001.ppm 1 6 6 53 53
00016_00002.ppm 1 6 6 53 53
00016_00003.ppm 1 5 5 52 52
00016_00004.ppm 1 6 5 53 52
00016_00005.ppm 1 6 5 53 52
00016_00006.ppm 1 5 5 52 52
00016_00007.ppm 1 5 5 52 52
00016_00008.ppm 1 5 6 52 53
00016_00009.ppm 1 6 6 54 54
00016_00010.ppm 1 6 6 54 54
00016_00011.ppm 1 5 6 55 56
00016_00012.ppm 1 5 5 55 55
00016_00013.ppm 1 5 6 55 56
00016_00014.ppm 1 6 5 57 56
00016_00015.ppm 1 5 6 58 58
00016_00016.ppm 1 5 5 59 58
00016_00017.ppm 1 6 5 61 59
00016_00018.ppm 1 6 7 62 62
00016_00019.ppm 1 6 7 64 64
00016_00020.ppm 1 7 7 67 67
00016_00021.ppm 1 6 7 69 69
00016_00022.ppm 1 7 6 72 70
00016_00023.ppm 1 7 8 74 74
00016_00024.ppm 1 7 8 76 77
00016_00025.ppm 1 8 8 81 81
00016_00026.ppm 1 8 9 84 84
00016_00027.ppm 1 8 8 89 87
00016_00028.ppm 1 10 10 99 97
00016_00029.ppm 1 10 10 105 103
00017_00000.ppm 1 5 5 20 21
00017_00001.ppm 1 6 6 22 23
00017_00002.ppm 1 6 6 22 23
00017_00003.ppm 1 5 5 23 23
00017_00004.ppm 1 5 6 23 24
00017_00005.ppm 1 5 5 24 24
00017_00006.ppm 1 6 6 26 26
00017_00007.ppm 1 5 6 26 27
00017_00008.ppm 1 5 6 27 28
00017_00009.ppm 1 5 6 28 29
00017_00010.ppm 1 5 6 27 28
00017_00011.ppm 1 6 6 30 30
00017_00012.ppm 1 6 5 33 32
00017_00013.ppm 1 5 6 33 34
00017_00014.ppm 1 6 6 35 35
00017_00015.ppm 1 5 6 34 35
00017_00016.ppm 1 6 5 37 36
00017_00017.ppm 1 5 5 38 38
00017_00018.ppm 1 6 5 42 41
00017_00019.ppm 1 5 5 44 44
00017_00020.ppm 1 5 5 47 48
00017_00021.ppm 1 6 6 52 53
00017_00022.ppm 1 5 6 55 57
00017_00023.ppm 1 6 6 62 63
00017_00024.ppm 1 6 6 68 69
00017_00025.ppm 1 7 8 76 78
00017_00026.ppm 1 8 8 84 86
00017_00027.ppm 1 10 9 95 97
00017_00028.ppm 1 10 11 110 114
00017_00029.ppm 1 12 12 126 129
00018_00000.ppm 1 6 6 37 37
00018_00001.ppm 1 6 6 38 39
00018_00002.ppm 1 6 5 38 38
00018_00003.ppm 1 5 5 36 37
00018_00004.ppm 1 6 5 39 39
00018_00005.ppm 1 6 5 41 41
00018_00006.ppm 1 6 5 42 42
00018_00007.ppm 1 6 5 45 45
00018_00008.ppm 1 5 5 46 47
00018_00009.ppm 1 5 6 49 53
00018_00010.ppm 1 6 5 50 50
00018_00011.ppm 1 5 5 51 52
00018_00012.ppm 1 6 6 53 54
00018_00013.ppm 1 6 5 55 55
00018_00014.ppm 1 5 5 57 58
00018_00015.ppm 1 7 6 62 62
00018_00016.ppm 1 7 6 65 65
00018_00017.ppm 1 6 7 67 69
00018_00018.ppm 1 6 7 69 71
00018_00019.ppm 1 7 7 73 74
00018_00020.ppm 1 7 7 76 77
00018_00021.ppm 1 8 8 81 82
00018_00022.ppm 1 9 8 88 88
00018_00023.ppm 1 8 10 91 95
00018_00024.ppm 1 9 10 97 101
00018_00025.ppm 1 10 11 106 109
00018_00026.ppm 1 10 11 110 113
00018_00027.ppm 1 11 11 122 124
00018_00028.ppm 1 12 13 136 135
00018_00029.ppm 1 14 14 145 147
00019_00000.ppm 1 5 6 31 35
00019_00001.ppm 1 6 5 32 35
00019_00002.ppm 1 6 5 33 36
00019_00003.ppm 1 5 5 32 36
00019_00004.ppm 1 5 6 32 38
00019_00005.ppm 1 5 5 33 39
00019_00006.ppm 1 5 6 35 41
00019_00007.ppm 1 5 6 37 41
00019_00008.ppm 1 5 6 37 41
00019_00009.ppm 1 6 6 38 41
00019_00010.ppm 1 6 5 40 40
00019_00011.ppm 1 5 5 40 40
00019_00012.ppm 1 5 6 59 66
00019_00013.ppm 1 6 7 60 67
00019_00014.ppm 1 6 7 62 67
00019_00015.ppm 1 6 7 64 68
00019_00016.ppm 1 7 7 68 71
00019_00017.ppm 1 7 7 70 73
00019_00018.ppm 1 7 7 71 75
00019_00019.ppm 1 8 8 76 80
00019_00020.ppm 1 7 9 77 84
00019_00021.ppm 1 8 9 79 86
00019_00022.ppm 1 9 9 85 90
00019_00023.ppm 1 9 8 89 91
00019_00024.ppm 1 8 9 91 94
00019_00025.ppm 1 10 10 97 99
00019_00026.ppm 1 10 10 100 101
00019_00027.ppm 1 9 10 103 105
00019_00028.ppm 1 10 11 108 110
00019_00029.ppm 1 11 11 112 113
00020_00000.ppm 1 5 6 33 36
00020_00001.ppm 1 5 6 34 39
00020_00002.ppm 1 5 5 36 40
00020_00003.ppm 1 6 6 38 42
00020_00004.ppm 1 5 5 38 41
00020_00005.ppm 1 6 6 40 43
00020_00006.ppm 1 6 6 40 43
00020_00007.ppm 1 5 6 41 45
00020_00008.ppm 1 6 5 43 45
00020_00009.ppm 1 5 6 45 49
00020_00010.ppm 1 6 5 49 51
00020_00011.ppm 1 5 6 50 54
00020_00012.ppm 1 6 5 52 54
00020_00013.ppm 1 6 5 54 57
00020_00014.ppm 1 5 6 54 60
00020_00015.ppm 1 5 7 58 64
00020_00016.ppm 1 6 7 62 67
00020_00017.ppm 1 7 8 68 73
00020_00018.ppm 1 8 8 73 79
00020_00019.ppm 1 7 8 78 85
00020_00020.ppm 1 8 8 82 88
00020_00021.ppm 1 8 9 86 92
00020_00022.ppm 1 10 10 95 96
00020_00023.ppm 1 10 9 104 101
00020_00024.ppm 1 11 11 113 111
00020_00025.ppm 1 11 12 124 123
00020_00026.ppm 1 14 13 139 136
00020_00027.ppm 1 16 14 161 157
00020_00028.ppm 1 17 17 180 177
00020_00029.ppm 1 19 19 205 201
00021_00000.ppm 1 5 6 24 25
00021_00001.ppm 1 6 6 26 26
00021_00002.ppm 1 6 5 27 26
00021_00003.ppm 1 6 6 28 29
00021_00004.ppm 1 5 6 28 31
00021_00005.ppm 1 6 5 30 31
00021_00006.ppm 1 5 6 30 33
00021_00007.ppm 1 5 6 32 35
00021_00008.ppm 1 5 6 32 35
00021_00009.ppm 1 6 6 34 36
00021_00010.ppm 1 5 6 34 38
00021_00011.ppm 1 6 5 36 38
00021_00012.ppm 1 6 6 38 41
00021_00013.ppm 1 6 6 42 42
00021_00014.ppm 1 5 6 43 44
00021_00015.ppm 1 5 5 44 44
00021_00016.ppm 1 5 5 47 47
00021_00017.ppm 1 5 5 50 51
00021_00018.ppm 1 5 5 52 52
00021_00019.ppm 1 6 5 55 55
00021_00020.ppm 1 6 5 58 59
00021_00021.ppm 1 6 6 64 67
00021_00022.ppm 1 6 7 70 74
00021_00023.ppm 1 8 9 79 84
00021_00024.ppm 1 9 9 89 93
00021_00025.ppm 1 10 11 100 106
00021_00026.ppm 1 10 10 109 114
00021_00027.ppm 1 11 13 121 129
00021_00028.ppm 1 13 14 133 141
00021_00029.ppm 1 14 15 145 155
00022_00000.ppm 1 6 6 30 32
00022_00001.ppm 1 5 6 29 31
00022_00002.ppm 1 5 5 30 31
00022_00003.ppm 1 5 6 30 32
00022_00004.ppm 1 6 5 32 32
00022_00005.ppm 1 5 6 32 35
00022_00006.ppm 1 6 5 34 36
00022_00007.ppm 1 6 5 35 36
00022_00008.ppm 1 6 5 37 38
00022_00009.ppm 1 5 5 38 40
00022_00010.ppm 1 6 6 39 41
00022_00011.ppm 1 6 5 40 42
00022_00012.ppm 1 6 6 41 45
00022_00013.ppm 1 6 6 43 47
00022_00014.ppm 1 6 6 45 48
00022_00015.ppm 1 5 5 45 50
00022_00016.ppm 1 6 5 48 52
00022_00017.ppm 1 6 6 51 56
00022_00018.ppm 1 6 5 53 57
00022_00019.ppm 1 5 7 54 63
00022_00020.ppm 1 5 6 57 65
00022_00021.ppm 1 7 7 63 70
00022_00022.ppm 1 6 8 64 75
00022_00023.ppm 1 7 8 69 80
00022_00024.ppm 1 8 9 74 87
00022_00025.ppm 1 8 9 78 95
00022_00026.ppm 1 8 10 84 105
00022_00027.ppm 1 8 11 89 114
00022_00028.ppm 1 9 12 97 124
00022_00029.ppm 1 10 13 106 136
00023_00000.ppm 1 5 5 29 29
00023_00001.ppm 1 5 6 31 32
00023_00002.ppm 1 5 6 31 33
00023_00003.ppm 1 6 5 34 33
00023_00004.ppm 1 6 6 34 35
00023_00005.ppm 1 6 5 34 33
00023_00006.ppm 1 5 6 35 38
00023_00007.ppm 1 6 6 37 38
00023_00008.ppm 1 6 5 38 38
00023_00009.ppm 1 6 5 39 39
00023_00010.ppm 1 6 5 40 39
00023_00011.ppm 1 5 5 41 42
00023_00012.ppm 1 5 6 42 44
00023_00013.ppm 1 5 6 44 46
00023_00014.ppm 1 6 6 47 47
00023_00015.ppm 1 6 5 49 48
00023_00016.ppm 1 5 6 49 50
00023_00017.ppm 1 5 5 51 52
00023_00018.ppm 1 5 5 53 55
00023_00019.ppm 1 5 6 56 57
00023_00020.ppm 1 6 6 58 60
00023_00021.ppm 1 6 7 60 62
00023_00022.ppm 1 6 7 63 65
00023_00023.ppm 1 7 6 68 67
00023_00024.ppm 1 7 6 71 70
00023_00025.ppm 1 7 8 74 75
00023_00026.ppm 1 8 8 76 77
00023_00027.ppm 1 7 7 80 81
00023_00028.ppm 1 9 8 89 88
00023_00029.ppm 1 9 8 91 92
00024_00000.ppm 1 6 6 21 21
00024_00001.ppm 1 5 6 21 22
00024_00002.ppm 1 6 6 22 22
00024_00003.ppm 1 5 6 21 22
00024_00004.ppm 1 6 6 23 22
00024_00005.ppm 1 6 5 25 23
00024_00006.ppm 1 6 6 26 25
00024_00007.ppm 1 6 6 27 26
00024_00008.ppm 1 5 6 25 26
00024_00009.ppm 1 6 6 27 27
00024_00010.ppm 1 5 6 26 28
00024_00011.ppm 1 5 5 27 27
00024_00012.ppm 1 5 5 29 29
00024_00013.ppm 1 5 5 30 30
00024_00014.ppm 1 5 5 31 31
00024_00015.ppm 1 5 6 32 33
00024_00016.ppm 1 5 5 35 35
00024_00017.ppm 1 5 6 37 38
00024_00018.ppm 1 5 6 36 37
00024_00019.ppm 1 6 5 39 38
00024_00020.ppm 1 6 6 41 41
00024_00021.ppm 1 6 5 43 42
00024_00022.ppm 1 6 5 46 44
00024_00023.ppm 1 6 5 47 47
00024_00024.ppm 1 6 6 47 48
00024_00025.ppm 1 6 6 50 50
00024_00026.ppm 1 6 6 52 52
00024_00027.ppm 1 6 5 54 52
00024_00028.ppm 1 6 6 55 55
00024_00029.ppm 1 6 5 56 55
00025_00000.ppm 1 5 5 22 23
00025_00001.ppm 1 6 5 23 23
00025_00002.ppm 1 6 6 25 26
00025_00003.ppm 1 5 6 23 25
00025_00004.ppm 1 6 5 24 24
00025_00005.ppm 1 6 6 25 26
00025_00006.ppm 1 5 6 25 29
00025_00007.ppm 1 6 5 26 28
00025_00008.ppm 1 6 6 26 29
00025_00009.ppm 1 5 6 25 29
00025_00010.ppm 1 5 5 26 29
00025_00011.ppm 1 6 5 29 28
00025_00012.ppm 1 6 6 32 32
00025_00013.ppm 1 6 6 34 34
00025_00014.ppm 1 5 5 33 33
00025_00015.ppm 1 6 5 35 34
00025_00016.ppm 1 6 5 37 37
00025_00017.ppm 1 6 5 39 39
00025_00018.ppm 1 6 6 40 41
00025_00019.ppm 1 5 6 41 43
00025_00020.ppm 1 5 5 42 43
00025_00021.ppm 1 5 6 44 46
00025_00022.ppm 1 6 5 47 48
00025_00023.ppm 1 6 5 50 51
00025_00024.ppm 1 5 6 51 54
00025_00025.ppm 1 6 5 55 56
00025_00026.ppm 1 5 6 57 60
00025_00027.ppm 1 6 7 62 65
00025_00028.ppm 1 6 6 67 69
